MSFT 0 404.52 1 415.28 2 415.10 3 425.22 4 416.42 5 417.32 6 421.41 7 425.23 8 428.59
AAPL 0 170.73 1 172.75 2 173.23 3 171.13 4 173.17 5 172.62 6 173.72 7 176.08 8 178.67
NVDA 0 875.28 1 857.74 2 919.13 3 908.88 4 879.44 5 878.36 6 884.55 7 893.98 8 903.72
AMZN 0 175.35 1 171.96 2 175.39 3 176.56 4 178.75 5 174.42 6 174.48 7 175.90 8 178.15
GOOGL 0 135.41 1 137.67 2 138.50 3 139.79 4 143.10 5 141.18 6 147.68 7 147.03 8 148.74
META 0 505.95 1 483.59 2 499.75 3 495.57 4 491.83 5 484.10 6 496.98 7 496.24 8 505.52
TSLA 0 177.77 1 177.54 2 169.48 3 162.50 4 163.57 5 173.80 6 171.32 7 175.66 8 172.25
AMD 0 198.39 1 202.76 2 194.79 3 187.06 4 191.06 5 190.65 6 181.42 7 179.73 8 179.50
NFLX 0 600.93 1 611.08 2 609.45 3 613.01 4 605.88 5 618.39 6 620.74 7 627.69 8 627.20
PEP 0 164.73 1 164.54 2 165.30 3 164.78 4 164.66 5 171.26 6 171.80 7 171.86 8 173.34
ADBE 0 560.42 1 579.14 2 573.55 3 570.45 4 492.46 5 513.86 6 521.19 7 519.14 8 507.56
INTC 0 44.86 1 45.24 2 43.23 3 42.75 4 42.64 5 42.71 6 42.05 7 42.20 8 42.68